sq1
4,2,7,9,0,0,0,0,0
0,0,0,0,0,0,0,1,7
0,0,5,0,0,0,0,0,0
8,0,0,3,0,5,2,0,0
3,0,9,7,0,0,0,0,0
0,0,0,8,0,1,0,4,0
5,0,8,0,6,0,0,0,4
1,0,0,0,0,0,8,0,5
0,6,0,0,0,0,0,0,0
eq1
sq2
0,0,0,0,9,0,3,0,0
0,4,9,0,0,0,7,0,0
0,5,6,0,0,0,0,0,0
0,0,0,6,0,8,0,0,0,
0,0,0,0,3,2,0,0,0
0,8,0,9,1,0,2,0,4
0,9,0,0,0,4,1,0,2
0,0,4,0,0,0,5,0,8
0,0,0,0,6,0,0,0,9
eq2
sq3
0,0,6,0,0,7,0,0,0
0,9,2,0,0,6,8,4,7
0,0,0,0,0,0,0,0,0
1,0,0,0,7,0,0,0,9
2,5,9,0,0,0,6,7,4
0,0,0,2,0,9,0,0,0
0,0,0,7,0,1,0,0,0
0,0,5,0,0,0,7,8,1
0,0,0,0,0,0,0,0,0
eq3
sq4
9,0,0,3,8,7,0,0,0
5,3,0,0,0,0,7,0,0
0,6,0,0,5,0,0,0,0
7,0,9,0,3,2,0,0,0
1,0,6,7,9,0,0,3,5
0,4,8,0,0,1,2,7,0
2,0,0,0,1,4,0,8,3
0,9,0,8,0,0,1,4,0
4,8,0,9,0,3,0,0,6
eq4
sq5
4,0,0,0,0,0,0,0,8
9,0,5,0,0,0,3,0,0
0,0,0,0,0,2,1,0,0
0,3,0,0,7,4,0,8,0
5,9,0,0,0,1,0,0,0
0,6,0,0,3,0,0,0,0
3,0,0,6,0,0,0,5,0
0,0,0,0,4,3,9,0,0
0,5,0,0,9,0,0,7,0
eq5
sq6
0,0,0,0,0,0,3,0,7
9,0,0,0,0,0,5,1,4
3,0,4,0,1,6,0,2,0
0,0,6,0,0,0,0,5,0
2,0,0,0,0,4,0,0,0
0,0,0,0,0,9,4,0,0
0,0,1,9,0,0,0,7,6
0,0,0,0,0,0,0,3,0
0,0,7,6,0,0,0,0,5
eq6
sq7
0,8,0,0,0,0,0,9,4
0,0,0,2,0,0,0,0,5
0,0,6,0,3,9,0,0,0
7,4,0,0,0,1,0,0,0
0,0,2,0,0,0,0,0,0
0,0,0,0,0,0,6,0,3
0,0,3,0,9,0,0,0,0
0,0,0,0,0,5,9,0,2
0,1,5,4,0,0,0,7,0
eq7
sq8
0,0,4,0,0,0,0,5,0
8,0,0,0,1,0,0,6,3
2,0,0,0,0,0,0,0,9
0,0,8,0,9,0,4,0,7
0,0,0,8,0,0,0,0,1
0,0,2,3,0,0,0,0,0
0,0,5,0,0,2,0,0,0
1,0,0,0,0,0,0,0,0
7,3,6,0,0,0,0,8,0
eq8
sq9
6,0,0,0,5,0,9,0,0
0,0,1,0,0,0,0,0,2
0,0,4,0,8,0,0,0,0
0,0,0,0,3,6,2,5,0
0,8,0,2,1,5,0,9,0
0,4,2,7,9,0,0,0,0
0,0,0,0,7,0,1,0,0
9,0,0,0,0,0,5,0,0
0,0,7,0,2,0,0,0,6
eq9
sq10
0,0,3,8,7,5,0,0,0
0,0,0,0,0,0,0,9,0
1,0,0,0,0,3,4,0,0
0,0,9,6,0,0,0,0,8
0,7,0,0,8,0,0,1,0
8,0,0,0,0,9,5,0,0
0,0,8,1,0,0,0,0,7
0,1,0,0,0,0,0,0,0
0,0,0,5,4,8,3,0,0
sq10
sq11
0,0,0,4,0,0,0,3,0
0,5,0,0,9,8,4,0,0
0,8,0,0,0,5,0,0,0
3,0,0,0,5,0,9,4,0
9,0,0,0,0,0,0,0,1
0,1,8,0,6,0,0,0,2
0,0,0,1,0,0,0,7,0
0,0,2,7,3,0,0,8,0
0,6,0,0,0,9,0,0,0
sq11


